2.715038689121795353e+06
3.148441979720223695e+06
3.094494824295806233e+06
3.215893485858180095e+06
2.921465277678947430e+06
2.734181209713947959e+06
2.867870512560222298e+06
2.714963129315151833e+06
2.875826337444424629e+06
3.238107523025679402e+06
3.253893862978339661e+06
3.203887313965994399e+06
2.887987647559201811e+06
2.950492715144743677e+06
3.048531674470991362e+06
2.966964479297915474e+06
3.112138219506888185e+06
3.006407620169125963e+06
2.776652287910007406e+06
3.303778369730105158e+06
3.118382731641164050e+06
3.157019197414763737e+06
3.121312770463753026e+06
3.032117203673038632e+06
3.336429231908950023e+06
3.458516108813868836e+06
3.167199505538580474e+06
3.447953014649271034e+06
3.284763596729965881e+06
3.168054672000232618e+06
3.453571515834704041e+06
3.466254131838495843e+06
3.475870240124471951e+06
3.308008667482875288e+06
3.261672505821435247e+06
3.363977793230764102e+06
3.612133258081147913e+06
3.336592386892728973e+06
3.388280476830726024e+06
3.281868138482096139e+06
3.614550595508059952e+06
3.469719190646333620e+06
3.988781984030797612e+06
3.545328911286357790e+06
3.360351482789210044e+06
3.686491448998068459e+06
3.725498084415800404e+06
3.691329015753007960e+06
3.656706586038772482e+06
3.735069974274876527e+06
3.984622668584417552e+06
3.919818247571589425e+06
4.178225643636150286e+06
4.075423902340449858e+06
4.018436535204800777e+06
4.068042839894662611e+06
4.040836781588178594e+06
4.301722130073154345e+06
4.333324004652574658e+06
4.373770114622660913e+06
4.558441690074230544e+06
4.663893564239746891e+06
4.952570083457510918e+06
4.640674521016538143e+06
5.286769122173700482e+06
4.841621301832661964e+06
4.832835057013532147e+06
4.927348293396440335e+06
4.675837861300269142e+06
4.436486382882363163e+06
4.909158808708751574e+06
4.808679601270345971e+06
4.751401060013545677e+06
4.392000113591296598e+06
4.197670159096904099e+06
4.271813133686200716e+06
4.292595652428336442e+06
4.060920581861045677e+06
4.291996541441799141e+06
4.133999412672783714e+06
4.962678721989830956e+06
4.562741280059189536e+06
4.449009734244018793e+06
4.403197721862043254e+06
4.506568565661265515e+06
4.794665929990825243e+06
4.883537299331108108e+06
4.685864337875498459e+06
4.365818431911222637e+06
5.041752284803019837e+06
4.742112544492074288e+06
4.338972514975830913e+06
4.786780982052709907e+06
4.230729404158371501e+06
4.959994378262205049e+06
4.223711446315030567e+06
4.269678663504661992e+06
4.629118324819742702e+06
4.822323355169358663e+06
4.272228951610472985e+06
5.007635374457290396e+06
4.491338776269219816e+06
5.028612484414720908e+06
4.799471839760336094e+06
5.042192642157251015e+06
4.673364666961465962e+06
5.055466074686131440e+06
5.146227513016843237e+06
5.201343748779931106e+06
5.184490142797943205e+06
4.794674609397782013e+06
5.366450156430073082e+06
5.019858504436176270e+06
5.273866786639508791e+06
5.234771243773375638e+06
5.823437867520358413e+06
6.149648665726945736e+06
5.915096226998718455e+06
5.945208020458942279e+06
5.784410309857346117e+06
5.835531840413981117e+06
5.408326134703979827e+06
5.979920230232835747e+06
5.576529671835506335e+06
5.610483223503363319e+06
5.278917969546578825e+06
5.707509848492477089e+06
5.649908516988860443e+06
5.660021751156661659e+06
5.380964283886127174e+06
5.699801634522560984e+06
5.799377818668404594e+06
5.616784578573361039e+06
5.593730384329063818e+06
5.087804186188272201e+06
5.875807188518144190e+06
5.423955573097448796e+06
6.399003487462840043e+06
5.839123791418418288e+06
5.861078544400081038e+06
5.552157004257528111e+06
5.612244943409729749e+06
5.135920109141246416e+06
6.098131894411670044e+06
5.374326231851578690e+06
5.621034505916950293e+06
5.202415398173558526e+06
5.307824946335469373e+06
5.442975605010944419e+06
4.792270703810004517e+06
4.576313750263717026e+06
4.898162586503500119e+06
5.553422973181012087e+06
5.183094179165030830e+06
4.302385837342574261e+06
4.791319309932817705e+06
4.503748810061476193e+06
4.555756773103777319e+06
4.591739231175593100e+06
4.526251323619862087e+06
4.572836958991632797e+06
4.128813433548837900e+06
4.273677113852142356e+06
4.238767229213173501e+06
4.541855285833390430e+06
3.973143506309196353e+06
4.127429953554150183e+06
3.785746159687141422e+06
4.005576925125775859e+06
3.709322460861884989e+06
3.820271961564607918e+06
3.587218420178779867e+06
4.155488988080547191e+06
4.032966735017262865e+06
3.333096444838256110e+06
3.559165486446346156e+06
3.441352105070304126e+06
3.791822430978791323e+06
3.213737539395845030e+06
3.501904917891075835e+06
3.367005174900365528e+06
4.021477483723260462e+06
3.547239046168623492e+06
3.548918285197050311e+06
3.581044222717068158e+06
3.380847501756608486e+06
3.452156715619391762e+06
3.896170983329022303e+06
3.457158920086055528e+06
3.647086043439381756e+06
3.933029021754018962e+06
3.844382791332635097e+06
3.803008359352116007e+06
3.580834910572365858e+06
3.707066021197737660e+06
3.917862847852316219e+06
3.632388512704726774e+06
3.835636103153598029e+06
3.479066782053229399e+06
3.846779504082948435e+06
3.336524119568692986e+06
3.672028020762849133e+06
3.810604525948280469e+06
3.419148944677063264e+06
3.700388641561768018e+06
3.366169404566158541e+06
3.656924263047421817e+06
3.389318198547184467e+06
3.112365181857658550e+06
3.645457617736435030e+06
3.606464995916010812e+06
3.500944786539755296e+06
3.695091039709894452e+06
3.727807025177589152e+06
3.841424434966299217e+06
3.316511624362693168e+06
4.099364377987259533e+06
3.688815412738384213e+06
3.608081199358392972e+06
3.728468407867749222e+06
3.428559511636925396e+06
3.388435702231950592e+06
3.646730004551222548e+06
3.344545290203189012e+06
3.643567645300660282e+06
3.956929484629430342e+06
3.749852759017795324e+06
3.556590943315997720e+06
3.486732691517097410e+06
3.665269610632860102e+06
3.431547681451352779e+06
3.248804291440616827e+06
3.611818523652638774e+06
3.598089114382660948e+06
3.401393094847712666e+06
3.024325187368413433e+06
3.379917344958968926e+06
3.114038318131577689e+06
3.042936889239390846e+06
3.182944281096395105e+06
3.122673372785746120e+06
2.835640935558001976e+06
2.601181540362020954e+06
2.414204300300630275e+06
2.337930258750327397e+06
2.414625967820903752e+06
1.906484740050765919e+06
1.954976127836746862e+06
1.541810378962433431e+06
1.568892614465128863e+06
1.533038275414475938e+06
1.431911526635755785e+06
9.545446814607242122e+05
9.719550435450670775e+05
7.871081786132965935e+05
7.771896395094547188e+05
4.385118805156240123e+05
5.522107099214278860e+05
1.386935933574392111e+05
5.045505262283299235e+05
3.859940390885730158e+05
2.834182260872890474e+05
2.810564809201468597e+05
3.405201417987231398e+05
3.737756789611559361e+05
1.391423014099703287e+05
2.613811742695579014e+05
1.992399871300614031e+05
3.348696859956057742e+05
1.433966420660166186e+05
2.476262076152261288e+05
2.184606603463371284e+05
1.971656851883341442e+05
2.437488931054057903e+05
2.410323445593260112e+05
1.434746572541509231e+05
2.518079057230828621e+05
3.169173599657227751e+05
1.118767492361593031e+05
2.248751345706775610e+05
1.080997048894136096e+05
1.747808122497815930e+05
1.948526514706257440e+05
1.372850144110478577e+05
1.703771998955149029e+05
2.904258437027830514e+05
9.578456781560630770e+04
1.749086372236024181e+05
2.695822204939222429e+05
1.214567469859775447e+05
2.207817252118981851e+05
9.675108874974428909e+04
1.756481976507957443e+05
1.521009689099493844e+05
2.204342005911448214e+05
8.898954575629209285e+04
2.514165011158275593e+05
2.938893658542966587e+05
8.783326300817713491e+04
2.319426820904493798e+05
1.518385692907448974e+05
4.876350921950129850e+04
1.000502501614992070e+05
1.572335830674500030e+05
1.180309177973110200e+05
1.272022078495495516e+05
9.340490653872389521e+04
8.864306058683572337e+04
9.852823255931538006e+04
2.011129374104941671e+05
6.057163852923089871e+04
9.433298605094187951e+04
6.673746675727494585e+04
8.251665443416105700e+04
3.227935065000670511e+04
9.149117797858575068e+04
1.677440914543911931e+05
8.730762281731041730e+04
2.400860553761140909e+04
9.105001890087331412e+04
4.708826027212555346e+04
1.156033069458460086e+05
1.427160581543817534e+05
3.368813731738623756e+04
5.896769771426171064e+04
1.308003999217866512e+05
1.141145317740027385e+05
4.233515389892926760e+04
1.150947357563975675e+05
5.917465031709354662e+04
7.134550805347034475e+04
1.264427323827219952e+05
2.042837958313116178e+04
7.926827027373872988e+04
3.970740043150115525e+04
6.872636778699814749e+04
1.247032098072605440e+05
4.637683104047553934e+04
8.920690617385596852e+04
2.916395539140891560e+04
7.232544199215745903e+04
3.978837275525624864e+04
1.161149993368831347e+05
2.388373438490399349e+04
1.119793136600970320e+05
5.124199331907824671e+04
4.438945824247369455e+04
1.097893260464832420e+05
1.057042628489210911e+05
3.797347479105181264e+04
2.564033262421143445e+04
1.316221670373263769e+05
4.759352345218093978e+04
3.741496298218602897e+04
8.395647138817458472e+04
4.760435591068149370e+04
3.958995289120663801e+04
3.931011913641533465e+04
2.625335940752243187e+04
3.716839552070518403e+04
7.070149224595812848e+04
2.755050299844604888e+04
2.973768768652385552e+04
6.431831092388380057e+04
9.774094717006955761e+04
4.261563916219209932e+04
2.261125485107950226e+04
4.638445031232534529e+04
1.357596415449395427e+05
2.231677697771653038e+04
1.353541139988686700e+04
4.641087483366325614e+04
1.791793071515840711e+04
5.203633760900771449e+04
5.287114747842982615e+04
3.986155992899755802e+04
1.362312258702431573e+05
9.119664967518908088e+04
6.235277634768109419e+04
8.232713308559513825e+04
1.822168330599647015e+04
1.254361117811038130e+05
4.458742775895330124e+04
4.103204292991607508e+04
6.532589628683038609e+04
1.727391913353666896e+05
6.161892605629572790e+04
4.191443919464190549e+04
4.812436100591128343e+04
4.647785721275251854e+04
7.015903424329172412e+04
2.816295267348539710e+04
1.335693557071867508e+04
1.093727448429282958e+05
6.226816307791916188e+04
8.922318504375441989e+04
1.188153134245211550e+04
1.990447224478897624e+04
8.486457244029757567e+04
2.756606815882841147e+03
9.984749789096011955e+04
9.768864561148767825e+04
1.353625402727563778e+04
8.146067303042023559e+04
1.016620877817728683e+03
1.733647480870198924e+05
8.544440674541701446e+04
1.377007924161990786e+03
4.098859330696154211e+04
2.637868857089338417e+04
8.537731041093796375e+04
1.434210697628100752e+04
5.386708922159787471e+04
5.094922457700557425e+04
9.194525579620772623e+04
5.291525533295243804e+03
5.122798488133666251e+04
7.284655269955363110e+03
7.080704217079501177e+03
6.927977835920538928e+04
2.350156523016028223e+04
1.773081252411579408e+04
1.795797877763587167e+04
7.057873631518274487e+04
1.030563203109426686e+05
7.261769165872511803e+04
1.980590135773434304e+04
4.720893911205969198e+04
7.414829623371043999e+04
2.743043045255060861e+04
1.509659434569834848e+05
2.867685656833590474e+04
5.754220579137324967e+04
5.662664139556227019e+04
1.118438247432545904e+05
9.735807676678732969e+04
1.109698583027064014e+05
1.212173386129807332e+05
5.201509862029334909e+04
6.326299176985306985e+04
8.220634996993640380e+04
4.048368064426055207e+04
3.702086403117112059e+04
9.649870743151886563e+04
8.041305564866841451e+03
3.905725418436833570e+04
1.490615341748979699e+05
3.945075309456270043e+04
2.403169896209248691e+04
8.236180661457632959e+04
1.100347278658206342e+05
9.766435708202734531e+04
7.992458264086472627e+04
8.657304358381226484e+04
1.199507886913372386e+04
1.044544666918455769e+05
2.930304756420895865e+04
2.038958856261543815e+03
1.052952299575744255e+05
2.812088503661865980e+04
1.136709584047081735e+05
6.695085868702738662e+04
1.220079745409245661e+05
1.300298294716991586e+04
2.345213712971631612e+05
1.925903226367034222e+04
6.911313479675972485e+04
1.598836480543330254e+04
1.151795366058888903e+05
1.823205301075008174e+04
9.137793487917786479e+03
1.198236106751402986e+05
3.299404981288650742e+04
1.031500913628074341e+05
8.332824431690566416e+04
6.870899203534726985e+04
3.210822517315140431e+04
3.357404950511229981e+04
6.491059845060269436e+04
8.574072834507591324e+04
4.302569611300319229e+04
7.834927036210270307e+04
1.794309579022477919e+04
3.690904938893720828e+04
1.254356292016454609e+04
1.539570417408657668e+05
2.008314954656960981e+04
1.027661485242383205e+05
4.096441469208186754e+04
5.059277134408303391e+04
7.823844328624762420e+04
8.642792680173505505e+04
3.942539775612454105e+04
5.120997221207728580e+04
1.843715362500924384e+05
3.426857052450862102e+04
5.332067185485465598e+04
5.632540804826863314e+04
8.925755679705817602e+04
5.457986869512375415e+04
1.730444242079787364e+04
5.427133599668608804e+04
3.503077836722788197e+04
7.948947131199437717e+04
1.922191812219654821e+04
6.314047132241160580e+04
5.808068066525660106e+04
5.020851276193573722e+04
8.097099041913889232e+04
2.193178395333954904e+04
3.382395348003444087e+04
5.987456031872571475e+04
3.897721369471860817e+04
9.591616677288150822e+04
8.865794339876729646e+04
1.474621766505718551e+04
3.750423932895745384e+04
8.361296123334260483e+04
7.194488698884920450e+04
4.351841020141124318e+04
3.216362878518947036e+04
2.282965165588425589e+04
9.536848212219646666e+04
4.095919197566279763e+04
3.828451639389475167e+04
5.488711502390172245e+04
1.339481904771015797e+04
6.864174944127764320e+04
5.130011280587352667e+04
3.961001655883934291e+04
1.581658949433718044e+04
2.946553198054087989e+04
8.119354384031795780e+04
1.233812228683817193e+04
7.046104954212457233e+04
8.753449748050652852e+04
1.530680307192026157e+04
3.299450904775469098e+04
2.892274664458743791e+04
4.215744157411900960e+04
4.396709975330864836e+04
1.101174407473738574e+04
1.404095024309523251e+04
4.900028520037484850e+04
2.199747245663743161e+04
4.859722454826690955e+04
1.794463693886952024e+04
5.260979914099459711e+04
4.058869990217938903e+04
2.331062275551503626e+04
2.084247726466132735e+04
3.347862129167810781e+04
1.508505935236642108e+04
6.539908955146954395e+04
2.903909000728561296e+04
9.655084286589020849e+03
3.858954514964469126e+04
1.666113625684016006e+04
4.166893519957156241e+04
4.580677785965987277e+04
3.638743050581508578e+04
2.853191302826602987e+04
4.850255823747554678e+04
2.652165528776204883e+04
2.902472593000667621e+04
2.558996434248868900e+04
2.652263654369820142e+04
2.109874128154971913e+04
3.591867752879500767e+04
3.937980947131920402e+04
4.699438142981698911e+04
3.572600846025496867e+04
3.666926688659445790e+04
1.736515468006453011e+04
3.673464593333173980e+04
4.896993239051514684e+04
1.315385974862078547e+04
5.458411289551069058e+04
1.468651946226407381e+04
3.477089271640879451e+04
4.944000338190117327e+04
3.675222858300802181e+04
2.347587162684153736e+04
8.284015542373805147e+03
1.695433273494319292e+04
9.988783077273725212e+03
5.525536525170744426e+04
1.782325110621748900e+04
5.354558148297588559e+03
3.170517000202192867e+04
2.995693234693953491e+04
6.934262064378579453e+03
4.019816140308141621e+04
2.762986672133515094e+04
3.715469340974238730e+04
3.580971344325636164e+04
3.386557495021403884e+04
3.584217715974253224e+04
2.402999323120848931e+04
8.438588205243722769e+04
2.782447226497586598e+04
9.611571479318103229e+03
1.593718178974834154e+04
3.272908813533349894e+04
1.493929840686890020e+04
3.694431132696837449e+04
7.335020701506698970e+04
3.686280641311842919e+04
1.870714786752847795e+04
2.149684494678828196e+04
3.151400949996710551e+04
3.453098405674100650e+04
1.748087362637103979e+03
2.486444072863525435e+04
9.034103541314016184e+03
3.246768834903746756e+04
2.316566254581967951e+04
4.168841301358804776e+04
6.206139864430854686e+03
1.412162887406458321e+04
2.951225641751688818e+04
4.211503147793541575e+04
2.298291181561143458e+04
2.798347275530001298e+03
3.384871190086556453e+04
3.464834139459391736e+04
4.735460074630430609e+04
1.476167387137584738e+05
2.388477259839279941e+04
5.642168117436431203e+04
2.648287932628704948e+04
3.923762841514885167e+03
8.022755939477497304e+04
1.537284621744328433e+04
4.476160325019445736e+04
5.933370114712672512e+04
1.804740433236439640e+04
1.802601143935793152e+04
3.477620820842238027e+04
3.455299178044321889e+04
3.858180707252492721e+04
1.470655380218145365e+04
3.175498789039626354e+04
5.095658746911431990e+03
7.734075082895787091e+03
3.175825687209566968e+04
1.986219813940120366e+04
1.059888324172774810e+04
3.526921824972031754e+04
5.729665128450960765e+03
4.536744602975151065e+04
5.858010416694398373e+03
6.701433339959093246e+03
7.918646706882087528e+03
3.750449000962281571e+04
9.336986536681855796e+03
5.314280369705247722e+03
9.398997786809550234e+03
1.827273359723747853e+04
3.085627707231673776e+04
2.547248216611757744e+04
2.379982057996327057e+04
2.196587120677436542e+04
1.117062044552540101e+04
3.349970891236021998e+04
1.662007616375875659e+04
1.143477202738870346e+03
1.338747568799857618e+03
1.646886981291888878e+04
4.226225369362232595e+04
1.567890767040564970e+04
8.731582035755862989e+02
2.112999093502049436e+04
1.002139619489235702e+04
7.413410698362235053e+03
3.814531276514029014e+04
9.484130025840309827e+03
8.207159503369850427e+03
1.874679995700448853e+04
2.317449332055634659e+04
2.636305144237022250e+04
5.147248209584641154e+04
7.518212498869562296e+03
2.485311044584211413e+04
5.670039167238800292e+04
1.956930005244010317e+03
1.348964168424699710e+04
2.517085166656957517e+04
2.806523916476528757e+04
4.482120368547938597e+03
1.962192557753421352e+04
5.148525866635083366e+04
3.331052396680298261e+04
4.555306785492922063e+04
2.022777463483470228e+03
2.059298538810917307e+04
7.327117548776313924e+03
1.868737849305413692e+04
1.647571066676070768e+04
5.436476720793418644e+04
4.613544346562678584e+03
3.981772282963259204e+04
8.437992511178128552e+03
4.223057960089710105e+04
3.577691341554823885e+04
1.697152628596481009e+04
1.522913917524552198e+04
7.298056312791102755e+03
4.632060448579314834e+04
1.664762289956782843e+04
8.431091006343360277e+03
2.329691973426420009e+04
2.848481663447100436e+04
4.535840309854513180e+03
2.430515450841343045e+04
1.050988611410615340e+04
1.419033754719086573e+04
2.027484086927542012e+04
4.219299551017034901e+03
5.342045324632695156e+03
8.148418983140547425e+03
4.388319942584543242e+03
3.824527687147765846e+03
1.314687710084341415e+04
